Preprocessing HateXPlain
0 {'id': tensor([ 1974, 10074, 15279,  2841, 18616, 13531,  5818,  7312, 10629,  4373,
        16961, 16460, 19330, 16578,  3391, 16201, 19757,  8588, 13277, 19999,
         8388,  3803, 12627,  6401,  5533,   560,  3307, 13827, 11130, 10406,
         8537,  5210,  1707, 13874, 16162,  2268, 17699, 15137,  3335,  8815,
         9827,  5221, 14396,  4067, 13295,  4487,    66,  7738,  4963,  6229,
         9151, 19359,  5671, 14928, 10859,  4704,  4290, 16924,  2703,  8508,
        11681,  4466,  5862, 17962,  4887, 14527, 10852, 13958,  4239,  2639,
         8107,  9727, 16268, 18707, 13437,  3916, 10222, 12021, 10164,  4967,
        16908, 10893, 13955, 17430, 17510,  5727,  7985, 10805, 10698,   546,
        16915, 16273,  5325,  2293,   249, 13957, 18962, 12780,  4881, 11752,
        15006,  3545, 14298, 18641,  2212,  3072,  8240,  6700, 10398, 13307,
        10101,  4688, 12328, 19843, 13882,   429, 13234, 11883, 12049, 12670,
        12996, 18695,  5461, 13302,  8454, 12880,  6086,  7239,  5507,  9376,
         6121,  8016, 19606,  2660, 17804,  7013,  4578, 11239,  2010,  2469,
        16705, 13436, 12188,  4085, 19650, 20025,  9496, 11479, 19231, 14407,
         3182, 17284,  7816,  2854, 15046, 10106,   523,  2012,  3664, 11658,
        18922,  9831, 19420,  5963, 15847,  7301,  8086,  1195, 17347,  9669,
        17351,  8220,  1751, 14515,  9714,    42,  6345,   878, 15783,   213,
         4960,  5518,  3223,    94, 12822, 12115,   692,  4500, 12301,   950,
         7307, 13837,  8480, 17734, 19211, 10409, 12839, 12801,   859,  8183,
         5414,  1574, 18124,  1149,  5597,  3609,  2697,  5767, 11720,  1441,
         7488,  4274,  3316,   867,  1570,  2121,  3062,  5481,  7229,  4860,
        14828,  7199,  8489, 14022,  4036,   242, 14706, 15321, 10433, 19603,
         1459, 11456,  2100, 13171,  3288, 16480, 10614, 18587,  4470,  1679,
        14280, 18360,  9851,  9045, 19309, 16011, 11977,  8770,  8192,  6888,
          473,  6265, 17318, 10584, 12837,  4804]), 'tokens': tensor([[13567,  8129, 21048,  ...,     0,     0,     0],
        [ 6626, 15216,  8863,  ...,     0,     0,     0],
        [24368, 16643, 14801,  ...,     0,     0,     0],
        ...,
        [13567, 19503, 19032,  ...,     0,     0,     0],
        [ 2666, 10966, 12884,  ...,     0,     0,     0],
        [12058, 10966, 18414,  ...,     0,     0,     0]]), 'padding': tensor([[ True,  True,  True,  ..., False, False, False],
        [ True,  True,  True,  ..., False, False, False],
        [ True,  True,  True,  ..., False, False, False],
        ...,
        [ True,  True,  True,  ..., False, False, False],
        [ True,  True,  True,  ..., False, False, False],
        [ True,  True,  True,  ..., False, False, False]]), 'label': tensor([1, 2, 2, 1, 2, 0, 1, 2, 0, 2, 0, 2, 1, 2, 1, 2, 2, 0, 1, 3, 2, 0, 1, 2,
        1, 1, 1, 0, 2, 0, 1, 1, 2, 0, 2, 1, 2, 0, 2, 2, 1, 1, 1, 2, 0, 1, 2, 2,
        2, 1, 2, 0, 2, 1, 2, 2, 1, 2, 2, 2, 1, 2, 2, 1, 2, 0, 1, 1, 0, 1, 1, 0,
        3, 2, 1, 0, 0, 0, 0, 2, 0, 2, 0, 2, 2, 1, 1, 1, 0, 0, 0, 1, 1, 1, 1, 3,
        0, 0, 2, 1, 0, 2, 2, 2, 2, 1, 1, 0, 0, 0, 3, 1, 1, 2, 0, 2, 1, 1, 0, 0,
        1, 0, 0, 2, 1, 1, 2, 1, 2, 0, 1, 0, 3, 2, 1, 2, 1, 0, 1, 1, 0, 0, 1, 1,
        1, 1, 2, 3, 3, 0, 2, 2, 1, 2, 1, 1, 1, 1, 2, 0, 0, 1, 1, 2, 1, 2, 2, 2,
        3, 2, 1, 1, 2, 0, 1, 1, 0, 1, 2, 0, 0, 2, 2, 0, 1, 0, 1, 2, 0, 1, 1, 0,
        2, 2, 1, 0, 0, 1, 1, 1, 1, 1, 0, 2, 1, 2, 2, 2, 1, 1, 2, 1, 1, 3, 2, 0,
        1, 1, 1, 2, 0, 1, 1, 1, 2, 1, 0, 1, 1, 0, 2, 0, 1, 1, 1, 1, 0, 1, 1, 1,
        2, 1, 2, 2, 1, 2, 0, 2, 1, 2, 1, 1, 3, 0, 3, 2]), 'annotator_labels': tensor([[1, 1, 1],
        [2, 2, 2],
        [2, 2, 2],
        [1, 1, 1],
        [2, 0, 2],
        [0, 1, 0],
        [1, 1, 1],
        [2, 2, 2],
        [0, 0, 0],
        [2, 2, 2],
        [0, 2, 0],
        [2, 2, 0],
        [1, 0, 1],
        [2, 2, 0],
        [1, 1, 1],
        [2, 0, 2],
        [0, 2, 2],
        [0, 0, 0],
        [1, 1, 1],
        [1, 2, 0],
        [2, 2, 2],
        [0, 0, 2],
        [0, 1, 1],
        [2, 2, 0],
        [1, 1, 1],
        [1, 1, 1],
        [1, 1, 1],
        [0, 0, 1],
        [0, 2, 2],
        [0, 0, 0],
        [1, 0, 1],
        [1, 1, 0],
        [2, 2, 1],
        [0, 0, 2],
        [2, 2, 2],
        [1, 1, 0],
        [2, 0, 2],
        [0, 0, 2],
        [2, 2, 2],
        [2, 2, 2],
        [1, 1, 1],
        [1, 1, 1],
        [1, 0, 1],
        [2, 2, 1],
        [2, 0, 0],
        [1, 1, 1],
        [2, 2, 2],
        [2, 2, 2],
        [2, 2, 2],
        [1, 1, 1],
        [2, 0, 2],
        [1, 0, 0],
        [2, 1, 2],
        [1, 0, 1],
        [0, 2, 2],
        [2, 2, 2],
        [1, 1, 1],
        [2, 0, 2],
        [0, 2, 2],
        [2, 2, 1],
        [1, 1, 0],
        [2, 2, 1],
        [2, 2, 2],
        [1, 1, 1],
        [2, 2, 2],
        [0, 2, 0],
        [1, 1, 1],
        [0, 1, 1],
        [0, 0, 0],
        [1, 1, 1],
        [1, 1, 1],
        [0, 0, 0],
        [2, 1, 0],
        [0, 2, 2],
        [1, 1, 1],
        [2, 0, 0],
        [0, 0, 0],
        [0, 2, 0],
        [1, 0, 0],
        [2, 2, 2],
        [2, 0, 0],
        [2, 2, 2],
        [0, 1, 0],
        [2, 2, 0],
        [2, 2, 2],
        [1, 1, 1],
        [1, 1, 1],
        [1, 1, 1],
        [0, 0, 1],
        [2, 0, 0],
        [0, 0, 2],
        [1, 1, 1],
        [1, 1, 1],
        [1, 1, 1],
        [1, 1, 2],
        [0, 1, 2],
        [2, 0, 0],
        [0, 0, 2],
        [2, 2, 2],
        [1, 1, 0],
        [0, 0, 0],
        [2, 2, 2],
        [2, 0, 2],
        [0, 2, 2],
        [2, 2, 2],
        [1, 1, 1],
        [1, 1, 1],
        [1, 0, 0],
        [0, 0, 2],
        [0, 0, 1],
        [1, 0, 2],
        [1, 0, 1],
        [0, 1, 1],
        [2, 2, 2],
        [0, 0, 0],
        [2, 2, 2],
        [1, 0, 1],
        [1, 0, 1],
        [0, 0, 0],
        [0, 0, 0],
        [1, 1, 0],
        [0, 0, 1],
        [0, 0, 0],
        [2, 0, 2],
        [2, 1, 1],
        [1, 1, 1],
        [2, 2, 2],
        [1, 1, 1],
        [2, 2, 1],
        [0, 0, 0],
        [1, 1, 1],
        [0, 0, 0],
        [1, 0, 2],
        [2, 2, 2],
        [1, 1, 1],
        [0, 2, 2],
        [1, 1, 1],
        [0, 0, 0],
        [1, 1, 1],
        [1, 1, 1],
        [0, 0, 2],
        [2, 0, 0],
        [1, 1, 0],
        [1, 1, 1],
        [1, 1, 1],
        [1, 1, 0],
        [1, 2, 2],
        [1, 0, 2],
        [2, 1, 0],
        [0, 0, 0],
        [2, 1, 2],
        [2, 0, 2],
        [1, 1, 1],
        [2, 2, 2],
        [1, 1, 0],
        [1, 1, 1],
        [2, 1, 1],
        [1, 1, 1],
        [2, 2, 2],
        [2, 0, 0],
        [0, 0, 2],
        [1, 2, 1],
        [1, 0, 1],
        [2, 2, 2],
        [1, 1, 1],
        [2, 0, 2],
        [2, 2, 2],
        [2, 2, 2],
        [1, 0, 2],
        [2, 0, 2],
        [1, 1, 1],
        [1, 1, 1],
        [0, 2, 2],
        [0, 0, 0],
        [1, 1, 1],
        [1, 1, 1],
        [0, 0, 0],
        [1, 1, 1],
        [2, 1, 2],
        [0, 0, 0],
        [0, 1, 0],
        [0, 2, 2],
        [1, 2, 2],
        [0, 0, 0],
        [1, 1, 1],
        [0, 0, 0],
        [1, 1, 1],
        [2, 2, 2],
        [0, 0, 0],
        [1, 1, 1],
        [1, 0, 1],
        [0, 0, 1],
        [0, 2, 2],
        [2, 2, 2],
        [1, 1, 1],
        [1, 0, 0],
        [0, 0, 2],
        [1, 0, 1],
        [1, 1, 1],
        [1, 1, 0],
        [2, 1, 1],
        [1, 1, 1],
        [0, 0, 2],
        [2, 2, 0],
        [1, 1, 1],
        [2, 2, 2],
        [2, 2, 2],
        [2, 2, 2],
        [1, 2, 1],
        [1, 1, 1],
        [2, 2, 2],
        [1, 1, 0],
        [1, 1, 0],
        [0, 1, 2],
        [2, 1, 2],
        [1, 0, 0],
        [1, 1, 1],
        [1, 1, 1],
        [1, 1, 1],
        [2, 2, 2],
        [0, 0, 1],
        [1, 1, 1],
        [1, 1, 1],
        [1, 1, 1],
        [2, 2, 2],
        [1, 1, 1],
        [0, 1, 0],
        [1, 2, 1],
        [1, 1, 0],
        [0, 1, 0],
        [2, 0, 2],
        [0, 0, 0],
        [1, 1, 1],
        [0, 1, 1],
        [1, 1, 1],
        [1, 1, 1],
        [0, 1, 0],
        [1, 1, 0],
        [1, 0, 1],
        [1, 1, 1],
        [2, 2, 0],
        [1, 0, 1],
        [2, 2, 2],
        [2, 2, 2],
        [1, 1, 1],
        [2, 2, 2],
        [0, 0, 0],
        [2, 2, 2],
        [1, 1, 1],
        [0, 2, 2],
        [1, 1, 0],
        [1, 1, 1],
        [2, 1, 0],
        [1, 0, 0],
        [1, 0, 2],
        [2, 2, 2]])}
